0.0	0.995	0.572	0.726	0.624	0.369	0.995	0.252
0.01	0.991	0.587	0.737	0.647	0.404	0.991	0.302
0.02	0.988	0.595	0.743	0.658	0.42	0.988	0.327
0.03	0.986	0.602	0.747	0.666	0.432	0.986	0.346
0.04	0.984	0.607	0.751	0.673	0.441	0.984	0.361
0.05	0.982	0.611	0.753	0.678	0.449	0.982	0.373
0.06	0.981	0.615	0.756	0.682	0.455	0.981	0.384
0.07	0.98	0.618	0.758	0.687	0.461	0.98	0.394
0.08	0.978	0.621	0.76	0.69	0.466	0.978	0.402
0.09	0.977	0.624	0.762	0.694	0.471	0.977	0.411
0.1	0.975	0.627	0.763	0.697	0.475	0.975	0.42
0.11	0.973	0.63	0.765	0.7	0.479	0.973	0.428
0.12	0.972	0.633	0.766	0.703	0.482	0.972	0.434
0.13	0.97	0.635	0.767	0.706	0.485	0.97	0.441
0.14	0.968	0.637	0.768	0.708	0.487	0.968	0.448
0.15	0.966	0.639	0.769	0.71	0.489	0.966	0.454
0.16	0.963	0.641	0.77	0.712	0.49	0.963	0.46
0.17	0.961	0.643	0.771	0.713	0.492	0.961	0.466
0.18	0.959	0.645	0.771	0.715	0.493	0.959	0.471
0.19	0.956	0.647	0.771	0.716	0.494	0.956	0.477
0.2	0.953	0.649	0.771	0.717	0.494	0.953	0.482
0.21	0.95	0.65	0.772	0.719	0.494	0.95	0.488
0.22	0.946	0.652	0.771	0.719	0.493	0.946	0.493
0.23	0.943	0.653	0.771	0.72	0.492	0.943	0.498
0.24	0.939	0.654	0.771	0.721	0.491	0.939	0.503
0.25	0.934	0.656	0.77	0.721	0.49	0.934	0.508
0.26	0.93	0.657	0.77	0.722	0.489	0.93	0.513
0.27	0.926	0.658	0.769	0.722	0.488	0.926	0.519
0.28	0.921	0.66	0.768	0.722	0.485	0.921	0.524
0.29	0.916	0.661	0.768	0.723	0.484	0.916	0.529
0.3	0.911	0.662	0.767	0.722	0.481	0.911	0.534
0.31	0.906	0.663	0.766	0.722	0.479	0.906	0.539
0.32	0.9	0.665	0.764	0.722	0.477	0.9	0.544
0.33	0.895	0.666	0.763	0.722	0.475	0.895	0.55
0.34	0.889	0.667	0.762	0.722	0.473	0.889	0.555
0.35	0.884	0.669	0.761	0.722	0.471	0.884	0.561
0.36	0.878	0.67	0.76	0.722	0.469	0.878	0.567
0.37	0.872	0.671	0.758	0.722	0.466	0.872	0.572
0.38	0.865	0.673	0.757	0.722	0.464	0.865	0.578
0.39	0.859	0.674	0.755	0.721	0.461	0.859	0.584
0.4	0.852	0.676	0.753	0.721	0.458	0.852	0.59
0.41	0.844	0.677	0.751	0.72	0.454	0.844	0.595
0.42	0.836	0.678	0.748	0.718	0.451	0.836	0.601
0.43	0.827	0.679	0.745	0.717	0.446	0.827	0.607
0.44	0.819	0.68	0.742	0.716	0.443	0.819	0.613
0.45	0.809	0.681	0.739	0.714	0.438	0.809	0.619
0.46	0.801	0.682	0.736	0.713	0.434	0.801	0.626
0.47	0.791	0.684	0.733	0.712	0.43	0.791	0.632
0.48	0.782	0.685	0.729	0.71	0.426	0.782	0.639
0.49	0.772	0.686	0.726	0.709	0.422	0.772	0.645
0.5	0.763	0.688	0.723	0.708	0.419	0.763	0.652
0.51	0.754	0.689	0.719	0.706	0.416	0.754	0.659
0.52	0.744	0.691	0.716	0.705	0.412	0.744	0.665
0.53	0.734	0.692	0.712	0.703	0.408	0.734	0.672
0.54	0.724	0.693	0.707	0.701	0.404	0.724	0.678
0.55	0.713	0.695	0.702	0.699	0.399	0.713	0.685
0.56	0.701	0.696	0.697	0.696	0.394	0.701	0.692
0.57	0.688	0.697	0.691	0.693	0.388	0.688	0.699
0.58	0.676	0.698	0.685	0.691	0.384	0.676	0.707
0.59	0.662	0.699	0.679	0.688	0.378	0.662	0.714
0.6	0.648	0.7	0.672	0.684	0.371	0.648	0.721
0.61	0.634	0.701	0.665	0.681	0.366	0.634	0.729
0.62	0.62	0.702	0.657	0.678	0.36	0.62	0.736
0.63	0.605	0.703	0.649	0.674	0.353	0.605	0.744
0.64	0.59	0.704	0.64	0.67	0.347	0.59	0.751
0.65	0.575	0.706	0.632	0.667	0.341	0.575	0.759
0.66	0.56	0.708	0.623	0.664	0.336	0.56	0.767
0.67	0.545	0.709	0.614	0.66	0.33	0.545	0.775
0.68	0.529	0.711	0.604	0.656	0.324	0.529	0.784
0.69	0.512	0.712	0.593	0.652	0.318	0.512	0.792
0.7	0.497	0.714	0.583	0.648	0.312	0.497	0.8
0.71	0.479	0.715	0.571	0.644	0.305	0.479	0.808
0.72	0.462	0.716	0.559	0.639	0.298	0.462	0.816
0.73	0.445	0.718	0.546	0.635	0.292	0.445	0.824
0.74	0.427	0.72	0.533	0.63	0.286	0.427	0.834
0.75	0.409	0.724	0.519	0.626	0.281	0.409	0.843
0.76	0.39	0.726	0.504	0.621	0.274	0.39	0.852
0.77	0.372	0.729	0.489	0.617	0.268	0.372	0.861
0.78	0.354	0.731	0.473	0.612	0.261	0.354	0.87
0.79	0.335	0.733	0.456	0.607	0.254	0.335	0.878
0.8	0.317	0.736	0.439	0.602	0.247	0.317	0.886
0.81	0.299	0.738	0.421	0.596	0.239	0.299	0.894
0.82	0.279	0.739	0.401	0.59	0.23	0.279	0.901
0.83	0.261	0.739	0.381	0.585	0.221	0.261	0.908
0.84	0.242	0.738	0.36	0.578	0.211	0.242	0.915
0.85	0.224	0.738	0.339	0.572	0.201	0.224	0.921
0.86	0.205	0.737	0.317	0.566	0.19	0.205	0.928
0.87	0.187	0.739	0.295	0.561	0.182	0.187	0.935
0.88	0.169	0.74	0.272	0.555	0.172	0.169	0.941
0.89	0.152	0.742	0.248	0.55	0.162	0.152	0.948
0.9	0.136	0.746	0.227	0.545	0.154	0.136	0.954
0.91	0.12	0.745	0.203	0.54	0.144	0.12	0.96
0.92	0.103	0.748	0.178	0.534	0.133	0.103	0.966
0.93	0.086	0.743	0.151	0.529	0.12	0.086	0.971
0.94	0.069	0.735	0.124	0.523	0.105	0.069	0.977
0.95	0.056	0.734	0.101	0.519	0.094	0.056	0.982
0.96	0.042	0.734	0.078	0.515	0.083	0.042	0.987
0.97	0.029	0.69	0.055	0.511	0.07	0.029	0.992
0.98	0.019	0.608	0.036	0.507	0.055	0.019	0.996
0.99	0.01	0.44	0.02	0.504	0.038	0.01	0.998
1.0	0.0	0.0	0.0	0.5	0.0	0.0	1.0
0.773
