0.0	0.999	0.55	0.71	0.591	0.313	0.999	0.182
0.01	0.997	0.561	0.717	0.607	0.34	0.997	0.217
0.02	0.996	0.565	0.721	0.614	0.353	0.996	0.233
0.03	0.995	0.569	0.724	0.62	0.363	0.995	0.245
0.04	0.995	0.572	0.726	0.625	0.37	0.995	0.255
0.05	0.994	0.575	0.728	0.628	0.376	0.994	0.263
0.06	0.992	0.577	0.729	0.631	0.379	0.992	0.27
0.07	0.991	0.578	0.73	0.634	0.382	0.991	0.276
0.08	0.989	0.58	0.731	0.636	0.384	0.989	0.282
0.09	0.987	0.581	0.732	0.637	0.385	0.987	0.288
0.1	0.986	0.583	0.732	0.639	0.386	0.986	0.293
0.11	0.983	0.584	0.732	0.64	0.386	0.983	0.297
0.12	0.981	0.585	0.733	0.642	0.386	0.981	0.303
0.13	0.977	0.586	0.732	0.643	0.385	0.977	0.308
0.14	0.974	0.587	0.732	0.644	0.384	0.974	0.313
0.15	0.971	0.588	0.732	0.645	0.383	0.971	0.318
0.16	0.968	0.589	0.732	0.645	0.381	0.968	0.322
0.17	0.964	0.59	0.732	0.646	0.38	0.964	0.328
0.18	0.96	0.59	0.731	0.647	0.377	0.96	0.333
0.19	0.956	0.591	0.731	0.647	0.375	0.956	0.338
0.2	0.952	0.592	0.73	0.648	0.374	0.952	0.344
0.21	0.947	0.593	0.729	0.648	0.371	0.947	0.349
0.22	0.941	0.594	0.728	0.648	0.367	0.941	0.355
0.23	0.936	0.595	0.727	0.649	0.365	0.936	0.361
0.24	0.931	0.596	0.726	0.649	0.363	0.931	0.368
0.25	0.926	0.597	0.726	0.65	0.361	0.926	0.375
0.26	0.92	0.598	0.725	0.651	0.359	0.92	0.381
0.27	0.914	0.599	0.724	0.651	0.356	0.914	0.388
0.28	0.907	0.601	0.722	0.651	0.354	0.907	0.396
0.29	0.9	0.602	0.721	0.652	0.351	0.9	0.403
0.3	0.893	0.603	0.72	0.652	0.348	0.893	0.411
0.31	0.886	0.605	0.719	0.653	0.347	0.886	0.419
0.32	0.879	0.606	0.717	0.653	0.345	0.879	0.427
0.33	0.871	0.607	0.715	0.653	0.342	0.871	0.435
0.34	0.864	0.609	0.714	0.654	0.339	0.864	0.443
0.35	0.856	0.611	0.712	0.654	0.338	0.856	0.453
0.36	0.847	0.612	0.71	0.655	0.336	0.847	0.462
0.37	0.838	0.614	0.708	0.655	0.334	0.838	0.472
0.38	0.828	0.615	0.706	0.655	0.331	0.828	0.481
0.39	0.818	0.617	0.703	0.654	0.327	0.818	0.49
0.4	0.808	0.618	0.7	0.654	0.325	0.808	0.5
0.41	0.798	0.619	0.697	0.653	0.321	0.798	0.509
0.42	0.787	0.621	0.694	0.653	0.318	0.787	0.518
0.43	0.777	0.622	0.691	0.652	0.315	0.777	0.527
0.44	0.766	0.624	0.687	0.651	0.311	0.766	0.536
0.45	0.755	0.625	0.683	0.651	0.309	0.755	0.546
0.46	0.744	0.627	0.68	0.65	0.306	0.744	0.556
0.47	0.731	0.628	0.675	0.649	0.303	0.731	0.566
0.48	0.719	0.63	0.671	0.647	0.299	0.719	0.576
0.49	0.706	0.631	0.666	0.646	0.295	0.706	0.586
0.5	0.693	0.633	0.661	0.645	0.291	0.693	0.596
0.51	0.679	0.634	0.655	0.643	0.287	0.679	0.606
0.52	0.665	0.636	0.649	0.641	0.284	0.665	0.617
0.53	0.651	0.637	0.643	0.639	0.28	0.651	0.628
0.54	0.636	0.638	0.636	0.637	0.275	0.636	0.638
0.55	0.621	0.64	0.629	0.635	0.271	0.621	0.649
0.56	0.607	0.641	0.623	0.633	0.267	0.607	0.658
0.57	0.592	0.642	0.614	0.63	0.261	0.592	0.668
0.58	0.576	0.643	0.607	0.628	0.257	0.576	0.679
0.59	0.561	0.645	0.599	0.625	0.254	0.561	0.689
0.6	0.546	0.646	0.59	0.622	0.249	0.546	0.699
0.61	0.529	0.647	0.581	0.619	0.244	0.529	0.71
0.62	0.512	0.649	0.571	0.617	0.239	0.512	0.721
0.63	0.496	0.65	0.561	0.614	0.235	0.496	0.731
0.64	0.479	0.651	0.55	0.61	0.23	0.479	0.741
0.65	0.464	0.652	0.54	0.608	0.226	0.464	0.751
0.66	0.447	0.654	0.529	0.604	0.221	0.447	0.762
0.67	0.43	0.655	0.517	0.601	0.216	0.43	0.772
0.68	0.412	0.656	0.504	0.597	0.211	0.412	0.783
0.69	0.395	0.657	0.492	0.594	0.206	0.395	0.793
0.7	0.379	0.659	0.479	0.591	0.202	0.379	0.803
0.71	0.362	0.661	0.465	0.588	0.197	0.362	0.814
0.72	0.345	0.663	0.452	0.585	0.193	0.345	0.824
0.73	0.328	0.664	0.437	0.581	0.188	0.328	0.834
0.74	0.312	0.666	0.423	0.578	0.183	0.312	0.843
0.75	0.296	0.668	0.408	0.574	0.178	0.296	0.852
0.76	0.28	0.669	0.392	0.57	0.173	0.28	0.861
0.77	0.263	0.672	0.376	0.567	0.169	0.263	0.871
0.78	0.246	0.673	0.358	0.563	0.163	0.246	0.88
0.79	0.231	0.676	0.341	0.56	0.158	0.231	0.888
0.8	0.214	0.677	0.323	0.555	0.152	0.214	0.897
0.81	0.198	0.679	0.304	0.552	0.146	0.198	0.905
0.82	0.183	0.681	0.286	0.548	0.141	0.183	0.913
0.83	0.167	0.68	0.266	0.544	0.134	0.167	0.921
0.84	0.152	0.681	0.247	0.54	0.127	0.152	0.928
0.85	0.137	0.678	0.226	0.536	0.118	0.137	0.934
0.86	0.123	0.676	0.206	0.532	0.111	0.123	0.941
0.87	0.109	0.674	0.185	0.528	0.102	0.109	0.947
0.88	0.095	0.672	0.165	0.525	0.094	0.095	0.954
0.89	0.082	0.672	0.144	0.521	0.086	0.082	0.96
0.9	0.069	0.674	0.124	0.518	0.08	0.069	0.967
0.91	0.058	0.667	0.104	0.515	0.071	0.058	0.972
0.92	0.046	0.658	0.085	0.512	0.062	0.046	0.978
0.93	0.036	0.648	0.066	0.509	0.053	0.036	0.983
0.94	0.026	0.633	0.05	0.507	0.044	0.026	0.987
0.95	0.018	0.583	0.035	0.505	0.035	0.018	0.991
0.96	0.012	0.482	0.023	0.503	0.023	0.012	0.994
0.97	0.007	0.349	0.013	0.501	0.013	0.007	0.996
0.98	0.003	0.181	0.006	0.501	0.005	0.003	0.998
0.99	0.001	0.061	0.002	0.5	0.003	0.001	1.0
1.0	0.0	0.0	0.0	0.5	0.0	0.0	1.0
0.703
