0.0	1.0	0.764	0.865	0.845	0.725	1.0	0.69
0.01	0.997	0.767	0.866	0.846	0.727	0.997	0.696
0.02	0.995	0.768	0.866	0.847	0.726	0.995	0.698
0.03	0.993	0.768	0.865	0.846	0.725	0.993	0.7
0.04	0.99	0.769	0.865	0.846	0.723	0.99	0.702
0.05	0.986	0.77	0.864	0.845	0.72	0.986	0.705
0.06	0.984	0.771	0.863	0.845	0.719	0.984	0.706
0.07	0.984	0.771	0.863	0.845	0.719	0.984	0.707
0.08	0.983	0.771	0.863	0.845	0.718	0.983	0.707
0.09	0.98	0.772	0.862	0.844	0.716	0.98	0.709
0.1	0.977	0.772	0.861	0.844	0.713	0.977	0.711
0.11	0.972	0.773	0.86	0.843	0.71	0.972	0.713
0.12	0.966	0.773	0.858	0.841	0.705	0.966	0.716
0.13	0.959	0.774	0.855	0.839	0.699	0.959	0.719
0.14	0.953	0.775	0.853	0.837	0.694	0.953	0.722
0.15	0.949	0.775	0.852	0.836	0.69	0.949	0.723
0.16	0.947	0.775	0.851	0.835	0.689	0.947	0.724
0.17	0.946	0.775	0.851	0.835	0.688	0.946	0.724
0.18	0.946	0.775	0.851	0.835	0.688	0.946	0.724
0.19	0.946	0.775	0.851	0.835	0.688	0.946	0.724
0.2	0.946	0.775	0.851	0.835	0.688	0.946	0.724
0.21	0.946	0.775	0.85	0.835	0.688	0.946	0.725
0.22	0.945	0.775	0.85	0.835	0.687	0.945	0.725
0.23	0.943	0.775	0.849	0.834	0.685	0.943	0.726
0.24	0.94	0.776	0.848	0.833	0.683	0.94	0.727
0.25	0.936	0.776	0.847	0.832	0.68	0.936	0.729
0.26	0.931	0.777	0.845	0.831	0.676	0.931	0.731
0.27	0.925	0.777	0.843	0.829	0.672	0.925	0.734
0.28	0.919	0.778	0.841	0.827	0.667	0.919	0.736
0.29	0.914	0.778	0.839	0.826	0.663	0.914	0.739
0.3	0.909	0.779	0.837	0.824	0.659	0.909	0.741
0.31	0.904	0.779	0.835	0.823	0.655	0.904	0.743
0.32	0.897	0.78	0.832	0.821	0.65	0.897	0.746
0.33	0.888	0.781	0.829	0.818	0.644	0.888	0.749
0.34	0.876	0.781	0.824	0.815	0.635	0.876	0.754
0.35	0.86	0.782	0.817	0.809	0.623	0.86	0.76
0.36	0.841	0.783	0.809	0.803	0.61	0.841	0.766
0.37	0.824	0.784	0.801	0.798	0.597	0.824	0.772
0.38	0.809	0.785	0.795	0.793	0.587	0.809	0.777
0.39	0.799	0.785	0.79	0.789	0.58	0.799	0.78
0.4	0.794	0.785	0.787	0.788	0.577	0.794	0.782
0.41	0.791	0.786	0.786	0.787	0.575	0.791	0.783
0.42	0.79	0.786	0.785	0.786	0.574	0.79	0.784
0.43	0.79	0.786	0.785	0.786	0.574	0.79	0.784
0.44	0.789	0.786	0.785	0.786	0.574	0.789	0.784
0.45	0.789	0.786	0.785	0.786	0.574	0.789	0.784
0.46	0.789	0.786	0.785	0.786	0.574	0.789	0.784
0.47	0.789	0.786	0.785	0.786	0.574	0.789	0.784
0.48	0.789	0.786	0.785	0.786	0.574	0.789	0.784
0.49	0.789	0.786	0.785	0.786	0.574	0.789	0.784
0.5	0.789	0.786	0.785	0.786	0.574	0.789	0.784
0.51	0.789	0.786	0.785	0.786	0.574	0.789	0.784
0.52	0.789	0.786	0.785	0.786	0.574	0.789	0.784
0.53	0.789	0.786	0.785	0.786	0.574	0.789	0.784
0.54	0.789	0.786	0.785	0.786	0.574	0.789	0.784
0.55	0.789	0.786	0.785	0.786	0.574	0.789	0.784
0.56	0.789	0.786	0.785	0.786	0.574	0.789	0.784
0.57	0.789	0.786	0.785	0.786	0.574	0.789	0.784
0.58	0.789	0.786	0.785	0.786	0.574	0.789	0.784
0.59	0.789	0.786	0.785	0.786	0.574	0.789	0.784
0.6	0.789	0.786	0.785	0.786	0.573	0.789	0.784
0.61	0.788	0.786	0.785	0.786	0.573	0.788	0.784
0.62	0.788	0.786	0.784	0.786	0.573	0.788	0.785
0.63	0.785	0.786	0.784	0.785	0.572	0.785	0.786
0.64	0.783	0.787	0.782	0.784	0.57	0.783	0.787
0.65	0.778	0.787	0.78	0.783	0.568	0.778	0.789
0.66	0.773	0.788	0.778	0.781	0.565	0.773	0.791
0.67	0.768	0.788	0.775	0.78	0.561	0.768	0.793
0.68	0.762	0.789	0.773	0.778	0.558	0.762	0.795
0.69	0.756	0.789	0.769	0.776	0.554	0.756	0.798
0.7	0.75	0.79	0.767	0.774	0.551	0.75	0.8
0.71	0.746	0.79	0.765	0.773	0.549	0.746	0.802
0.72	0.739	0.791	0.762	0.771	0.545	0.739	0.804
0.73	0.731	0.792	0.757	0.768	0.54	0.731	0.807
0.74	0.719	0.793	0.751	0.765	0.533	0.719	0.811
0.75	0.703	0.794	0.743	0.759	0.524	0.703	0.817
0.76	0.683	0.795	0.732	0.752	0.512	0.683	0.823
0.77	0.664	0.796	0.721	0.746	0.501	0.664	0.829
0.78	0.648	0.797	0.712	0.741	0.492	0.648	0.834
0.79	0.638	0.798	0.705	0.737	0.486	0.638	0.837
0.8	0.634	0.798	0.703	0.735	0.483	0.634	0.839
0.81	0.632	0.798	0.702	0.735	0.482	0.632	0.839
0.82	0.631	0.798	0.702	0.735	0.482	0.631	0.839
0.83	0.631	0.798	0.701	0.735	0.482	0.631	0.839
0.84	0.631	0.798	0.701	0.735	0.482	0.631	0.84
0.85	0.63	0.798	0.701	0.734	0.481	0.63	0.84
0.86	0.627	0.799	0.699	0.733	0.48	0.627	0.841
0.87	0.621	0.8	0.696	0.732	0.477	0.621	0.843
0.88	0.613	0.801	0.691	0.729	0.474	0.613	0.847
0.89	0.601	0.803	0.683	0.725	0.468	0.601	0.852
0.9	0.583	0.804	0.672	0.719	0.459	0.583	0.857
0.91	0.558	0.806	0.655	0.711	0.445	0.558	0.865
0.92	0.532	0.807	0.637	0.701	0.43	0.532	0.872
0.93	0.516	0.808	0.625	0.695	0.421	0.516	0.876
0.94	0.509	0.808	0.62	0.693	0.417	0.509	0.878
0.95	0.502	0.809	0.615	0.691	0.414	0.502	0.881
0.96	0.48	0.811	0.598	0.683	0.403	0.48	0.888
0.97	0.441	0.814	0.566	0.669	0.382	0.441	0.899
0.98	0.409	0.816	0.539	0.657	0.365	0.409	0.907
0.99	0.358	0.822	0.492	0.639	0.338	0.358	0.922
1.0	0.0	0.0	0.0	0.5	0.0	0.0	1.0
0.871
