0.0	0.998	0.524	0.686	0.545	0.204	0.998	0.091
0.01	0.995	0.532	0.692	0.559	0.236	0.995	0.122
0.02	0.994	0.536	0.695	0.567	0.252	0.994	0.14
0.03	0.992	0.539	0.697	0.572	0.261	0.992	0.152
0.04	0.99	0.542	0.699	0.576	0.267	0.99	0.163
0.05	0.987	0.544	0.7	0.579	0.271	0.987	0.171
0.06	0.984	0.546	0.701	0.582	0.274	0.984	0.18
0.07	0.981	0.547	0.701	0.584	0.275	0.981	0.188
0.08	0.978	0.549	0.702	0.587	0.276	0.978	0.195
0.09	0.975	0.55	0.702	0.589	0.277	0.975	0.203
0.1	0.971	0.552	0.702	0.59	0.277	0.971	0.21
0.11	0.967	0.553	0.702	0.592	0.277	0.967	0.217
0.12	0.963	0.554	0.702	0.594	0.277	0.963	0.225
0.13	0.959	0.556	0.702	0.595	0.277	0.959	0.233
0.14	0.954	0.557	0.702	0.597	0.276	0.954	0.24
0.15	0.949	0.558	0.701	0.598	0.274	0.949	0.247
0.16	0.944	0.559	0.701	0.599	0.273	0.944	0.255
0.17	0.938	0.56	0.7	0.6	0.272	0.938	0.263
0.18	0.933	0.561	0.699	0.601	0.27	0.933	0.27
0.19	0.927	0.563	0.698	0.602	0.269	0.927	0.278
0.2	0.921	0.564	0.697	0.603	0.266	0.921	0.286
0.21	0.914	0.564	0.696	0.603	0.264	0.914	0.294
0.22	0.908	0.566	0.695	0.604	0.263	0.908	0.302
0.23	0.9	0.566	0.693	0.604	0.26	0.9	0.31
0.24	0.893	0.567	0.692	0.605	0.257	0.893	0.318
0.25	0.885	0.568	0.69	0.605	0.255	0.885	0.326
0.26	0.878	0.569	0.689	0.605	0.253	0.878	0.334
0.27	0.87	0.57	0.687	0.606	0.251	0.87	0.343
0.28	0.862	0.571	0.685	0.606	0.249	0.862	0.352
0.29	0.854	0.572	0.683	0.607	0.247	0.854	0.361
0.3	0.846	0.573	0.681	0.607	0.245	0.846	0.37
0.31	0.837	0.575	0.679	0.607	0.243	0.837	0.379
0.32	0.828	0.576	0.677	0.607	0.241	0.828	0.388
0.33	0.819	0.576	0.674	0.607	0.238	0.819	0.397
0.34	0.81	0.577	0.672	0.607	0.236	0.81	0.406
0.35	0.8	0.578	0.669	0.607	0.234	0.8	0.415
0.36	0.79	0.579	0.666	0.606	0.231	0.79	0.425
0.37	0.78	0.58	0.663	0.606	0.228	0.78	0.434
0.38	0.769	0.581	0.659	0.605	0.225	0.769	0.443
0.39	0.759	0.581	0.655	0.604	0.222	0.759	0.452
0.4	0.748	0.582	0.652	0.604	0.219	0.748	0.462
0.41	0.737	0.583	0.648	0.603	0.217	0.737	0.472
0.42	0.726	0.584	0.644	0.602	0.214	0.726	0.481
0.43	0.714	0.584	0.64	0.601	0.211	0.714	0.491
0.44	0.702	0.585	0.636	0.601	0.209	0.702	0.501
0.45	0.691	0.587	0.631	0.6	0.207	0.691	0.512
0.46	0.678	0.588	0.627	0.599	0.204	0.678	0.523
0.47	0.666	0.589	0.622	0.598	0.202	0.666	0.534
0.48	0.653	0.589	0.616	0.597	0.199	0.653	0.544
0.49	0.64	0.591	0.611	0.596	0.197	0.64	0.555
0.5	0.627	0.591	0.605	0.595	0.194	0.627	0.566
0.51	0.614	0.592	0.599	0.594	0.191	0.614	0.577
0.52	0.601	0.593	0.593	0.593	0.189	0.601	0.588
0.53	0.587	0.594	0.587	0.591	0.186	0.587	0.599
0.54	0.573	0.595	0.58	0.59	0.183	0.573	0.609
0.55	0.559	0.596	0.573	0.588	0.18	0.559	0.62
0.56	0.545	0.597	0.566	0.587	0.177	0.545	0.631
0.57	0.531	0.598	0.558	0.585	0.174	0.531	0.642
0.58	0.517	0.598	0.55	0.583	0.171	0.517	0.652
0.59	0.503	0.599	0.542	0.581	0.168	0.503	0.663
0.6	0.489	0.6	0.534	0.58	0.165	0.489	0.674
0.61	0.474	0.601	0.526	0.578	0.163	0.474	0.684
0.62	0.46	0.602	0.517	0.576	0.16	0.46	0.695
0.63	0.445	0.603	0.508	0.574	0.157	0.445	0.706
0.64	0.431	0.604	0.498	0.572	0.154	0.431	0.717
0.65	0.416	0.605	0.488	0.571	0.152	0.416	0.728
0.66	0.401	0.606	0.478	0.569	0.149	0.401	0.739
0.67	0.386	0.608	0.467	0.567	0.147	0.386	0.75
0.68	0.371	0.609	0.456	0.565	0.143	0.371	0.761
0.69	0.356	0.61	0.444	0.563	0.141	0.356	0.772
0.7	0.341	0.612	0.432	0.56	0.138	0.341	0.783
0.71	0.326	0.614	0.42	0.558	0.136	0.326	0.794
0.72	0.311	0.615	0.407	0.556	0.133	0.311	0.804
0.73	0.295	0.617	0.394	0.554	0.13	0.295	0.816
0.74	0.279	0.618	0.379	0.552	0.126	0.279	0.826
0.75	0.265	0.62	0.365	0.549	0.124	0.265	0.837
0.76	0.249	0.621	0.35	0.547	0.12	0.249	0.847
0.77	0.234	0.623	0.335	0.545	0.117	0.234	0.857
0.78	0.22	0.625	0.319	0.542	0.114	0.22	0.867
0.79	0.205	0.627	0.303	0.54	0.111	0.205	0.877
0.8	0.19	0.629	0.287	0.538	0.107	0.19	0.887
0.81	0.176	0.631	0.269	0.535	0.104	0.176	0.897
0.82	0.161	0.633	0.252	0.532	0.1	0.161	0.905
0.83	0.148	0.634	0.234	0.53	0.096	0.148	0.914
0.84	0.134	0.636	0.217	0.528	0.092	0.134	0.923
0.85	0.121	0.638	0.199	0.525	0.088	0.121	0.931
0.86	0.108	0.642	0.181	0.523	0.084	0.108	0.939
0.87	0.096	0.642	0.163	0.521	0.08	0.096	0.947
0.88	0.084	0.643	0.145	0.518	0.075	0.084	0.954
0.89	0.072	0.641	0.127	0.516	0.07	0.072	0.961
0.9	0.061	0.63	0.109	0.514	0.064	0.061	0.967
0.91	0.051	0.614	0.092	0.511	0.058	0.051	0.973
0.92	0.042	0.586	0.076	0.509	0.051	0.042	0.978
0.93	0.033	0.542	0.061	0.507	0.044	0.033	0.983
0.94	0.025	0.486	0.047	0.506	0.037	0.025	0.987
0.95	0.019	0.412	0.035	0.504	0.029	0.019	0.99
0.96	0.013	0.32	0.024	0.503	0.022	0.013	0.994
0.97	0.008	0.222	0.015	0.502	0.014	0.008	0.996
0.98	0.004	0.124	0.007	0.501	0.007	0.004	0.998
0.99	0.001	0.045	0.003	0.5	0.002	0.001	0.999
1.0	0.0	0.0	0.0	0.5	0.0	0.0	1.0
0.645
