0.0	0.996	0.554	0.711	0.596	0.317	0.996	0.197
0.01	0.992	0.575	0.727	0.629	0.373	0.992	0.265
0.02	0.99	0.583	0.732	0.64	0.391	0.99	0.292
0.03	0.987	0.59	0.737	0.649	0.403	0.987	0.312
0.04	0.984	0.595	0.74	0.656	0.413	0.984	0.328
0.05	0.982	0.6	0.743	0.662	0.421	0.982	0.342
0.06	0.98	0.604	0.746	0.667	0.428	0.98	0.355
0.07	0.978	0.608	0.748	0.672	0.435	0.978	0.368
0.08	0.975	0.612	0.75	0.677	0.441	0.975	0.38
0.09	0.973	0.616	0.752	0.682	0.447	0.973	0.391
0.1	0.971	0.619	0.755	0.686	0.453	0.971	0.402
0.11	0.969	0.623	0.757	0.69	0.458	0.969	0.412
0.12	0.966	0.626	0.758	0.694	0.463	0.966	0.422
0.13	0.964	0.63	0.76	0.698	0.467	0.964	0.432
0.14	0.961	0.633	0.762	0.701	0.471	0.961	0.441
0.15	0.959	0.636	0.763	0.704	0.475	0.959	0.45
0.16	0.956	0.639	0.765	0.707	0.479	0.956	0.459
0.17	0.953	0.643	0.766	0.71	0.482	0.953	0.468
0.18	0.95	0.645	0.767	0.713	0.485	0.95	0.476
0.19	0.947	0.648	0.768	0.715	0.487	0.947	0.484
0.2	0.944	0.651	0.769	0.718	0.489	0.944	0.492
0.21	0.941	0.653	0.769	0.72	0.491	0.941	0.499
0.22	0.937	0.656	0.77	0.722	0.493	0.937	0.507
0.23	0.934	0.659	0.771	0.724	0.494	0.934	0.514
0.24	0.93	0.661	0.771	0.726	0.495	0.93	0.522
0.25	0.926	0.663	0.771	0.727	0.496	0.926	0.529
0.26	0.923	0.666	0.772	0.729	0.497	0.923	0.536
0.27	0.919	0.668	0.772	0.73	0.499	0.919	0.543
0.28	0.915	0.671	0.772	0.732	0.499	0.915	0.55
0.29	0.91	0.673	0.772	0.733	0.5	0.91	0.557
0.3	0.906	0.675	0.772	0.734	0.5	0.906	0.563
0.31	0.901	0.678	0.772	0.735	0.5	0.901	0.57
0.32	0.897	0.68	0.771	0.736	0.5	0.897	0.577
0.33	0.892	0.682	0.771	0.737	0.499	0.892	0.583
0.34	0.886	0.684	0.77	0.737	0.499	0.886	0.589
0.35	0.881	0.686	0.769	0.738	0.498	0.881	0.596
0.36	0.875	0.688	0.769	0.738	0.497	0.875	0.602
0.37	0.87	0.69	0.768	0.739	0.496	0.87	0.609
0.38	0.864	0.692	0.767	0.739	0.495	0.864	0.615
0.39	0.858	0.694	0.765	0.739	0.494	0.858	0.621
0.4	0.852	0.696	0.764	0.739	0.492	0.852	0.627
0.41	0.845	0.698	0.762	0.738	0.49	0.845	0.634
0.42	0.838	0.7	0.761	0.738	0.488	0.838	0.64
0.43	0.831	0.702	0.759	0.738	0.485	0.831	0.646
0.44	0.823	0.704	0.756	0.737	0.483	0.823	0.652
0.45	0.815	0.705	0.754	0.736	0.48	0.815	0.658
0.46	0.807	0.707	0.751	0.735	0.477	0.807	0.664
0.47	0.799	0.709	0.749	0.734	0.474	0.799	0.671
0.48	0.79	0.71	0.746	0.733	0.471	0.79	0.677
0.49	0.782	0.712	0.743	0.732	0.467	0.782	0.683
0.5	0.773	0.714	0.74	0.73	0.465	0.773	0.689
0.51	0.764	0.715	0.736	0.729	0.461	0.764	0.695
0.52	0.754	0.717	0.732	0.727	0.457	0.754	0.702
0.53	0.744	0.719	0.728	0.725	0.453	0.744	0.708
0.54	0.734	0.72	0.724	0.723	0.449	0.734	0.714
0.55	0.724	0.722	0.72	0.721	0.444	0.724	0.72
0.56	0.713	0.723	0.715	0.718	0.439	0.713	0.726
0.57	0.701	0.725	0.71	0.716	0.435	0.701	0.733
0.58	0.69	0.726	0.705	0.714	0.43	0.69	0.739
0.59	0.679	0.728	0.699	0.711	0.425	0.679	0.745
0.6	0.667	0.729	0.693	0.708	0.42	0.667	0.751
0.61	0.655	0.73	0.687	0.705	0.415	0.655	0.757
0.62	0.642	0.732	0.681	0.702	0.41	0.642	0.764
0.63	0.629	0.734	0.674	0.699	0.404	0.629	0.771
0.64	0.616	0.735	0.666	0.695	0.399	0.616	0.777
0.65	0.602	0.737	0.659	0.692	0.393	0.602	0.784
0.66	0.588	0.738	0.651	0.688	0.387	0.588	0.79
0.67	0.574	0.74	0.642	0.685	0.382	0.574	0.797
0.68	0.559	0.741	0.633	0.681	0.375	0.559	0.804
0.69	0.545	0.743	0.624	0.677	0.369	0.545	0.811
0.7	0.529	0.744	0.614	0.672	0.363	0.529	0.817
0.71	0.514	0.746	0.604	0.668	0.356	0.514	0.824
0.72	0.497	0.747	0.592	0.663	0.348	0.497	0.831
0.73	0.481	0.748	0.58	0.658	0.34	0.481	0.837
0.74	0.464	0.749	0.567	0.653	0.333	0.464	0.844
0.75	0.447	0.75	0.555	0.648	0.325	0.447	0.851
0.76	0.43	0.752	0.542	0.643	0.318	0.43	0.857
0.77	0.413	0.754	0.528	0.637	0.311	0.413	0.864
0.78	0.395	0.754	0.512	0.632	0.302	0.395	0.87
0.79	0.377	0.755	0.496	0.626	0.293	0.377	0.877
0.8	0.358	0.756	0.48	0.62	0.284	0.358	0.884
0.81	0.34	0.757	0.463	0.614	0.276	0.34	0.89
0.82	0.322	0.759	0.445	0.608	0.267	0.322	0.897
0.83	0.303	0.761	0.427	0.603	0.259	0.303	0.904
0.84	0.285	0.763	0.408	0.597	0.25	0.285	0.911
0.85	0.266	0.765	0.388	0.591	0.241	0.266	0.917
0.86	0.247	0.766	0.367	0.584	0.231	0.247	0.924
0.87	0.228	0.767	0.345	0.578	0.22	0.228	0.93
0.88	0.209	0.768	0.322	0.572	0.21	0.209	0.936
0.89	0.19	0.771	0.298	0.566	0.2	0.19	0.942
0.9	0.171	0.772	0.273	0.559	0.188	0.171	0.948
0.91	0.153	0.771	0.248	0.553	0.176	0.153	0.954
0.92	0.134	0.771	0.222	0.546	0.164	0.134	0.96
0.93	0.116	0.771	0.196	0.54	0.152	0.116	0.966
0.94	0.099	0.764	0.169	0.534	0.138	0.099	0.971
0.95	0.082	0.754	0.143	0.529	0.124	0.082	0.977
0.96	0.065	0.728	0.116	0.523	0.109	0.065	0.982
0.97	0.049	0.673	0.089	0.518	0.091	0.049	0.986
0.98	0.034	0.581	0.063	0.512	0.071	0.034	0.991
0.99	0.02	0.422	0.036	0.507	0.046	0.02	0.995
1.0	0.0	0.0	0.0	0.5	0.0	0.0	1.0
0.794
