0.0	0.997	0.557	0.714	0.601	0.329	0.997	0.205
0.01	0.993	0.576	0.729	0.63	0.379	0.993	0.267
0.02	0.991	0.584	0.735	0.641	0.395	0.991	0.292
0.03	0.988	0.59	0.739	0.65	0.407	0.988	0.311
0.04	0.986	0.595	0.742	0.656	0.416	0.986	0.327
0.05	0.984	0.599	0.745	0.662	0.424	0.984	0.34
0.06	0.982	0.604	0.747	0.668	0.431	0.982	0.353
0.07	0.979	0.607	0.75	0.672	0.437	0.979	0.366
0.08	0.977	0.611	0.752	0.677	0.443	0.977	0.377
0.09	0.975	0.615	0.754	0.681	0.449	0.975	0.388
0.1	0.972	0.618	0.756	0.685	0.453	0.972	0.398
0.11	0.97	0.622	0.758	0.69	0.46	0.97	0.41
0.12	0.968	0.626	0.76	0.694	0.465	0.968	0.42
0.13	0.966	0.63	0.762	0.698	0.47	0.966	0.43
0.14	0.963	0.633	0.764	0.702	0.474	0.963	0.44
0.15	0.961	0.637	0.766	0.705	0.479	0.961	0.45
0.16	0.959	0.64	0.767	0.709	0.483	0.959	0.459
0.17	0.956	0.643	0.769	0.712	0.487	0.956	0.468
0.18	0.953	0.646	0.77	0.715	0.49	0.953	0.476
0.19	0.95	0.649	0.771	0.717	0.492	0.95	0.484
0.2	0.948	0.652	0.772	0.72	0.496	0.948	0.492
0.21	0.945	0.655	0.773	0.723	0.498	0.945	0.5
0.22	0.942	0.658	0.774	0.725	0.501	0.942	0.508
0.23	0.939	0.66	0.775	0.727	0.503	0.939	0.516
0.24	0.936	0.663	0.776	0.729	0.505	0.936	0.523
0.25	0.932	0.666	0.776	0.731	0.506	0.932	0.53
0.26	0.928	0.668	0.777	0.733	0.507	0.928	0.538
0.27	0.924	0.671	0.777	0.735	0.509	0.924	0.545
0.28	0.921	0.674	0.778	0.737	0.51	0.921	0.552
0.29	0.917	0.676	0.778	0.738	0.51	0.917	0.559
0.3	0.913	0.679	0.778	0.74	0.512	0.913	0.566
0.31	0.909	0.681	0.778	0.741	0.512	0.909	0.573
0.32	0.905	0.683	0.778	0.742	0.513	0.905	0.579
0.33	0.9	0.686	0.778	0.743	0.512	0.9	0.585
0.34	0.895	0.688	0.777	0.743	0.512	0.895	0.592
0.35	0.89	0.69	0.776	0.744	0.511	0.89	0.598
0.36	0.884	0.692	0.775	0.744	0.509	0.884	0.604
0.37	0.877	0.693	0.774	0.744	0.507	0.877	0.61
0.38	0.871	0.695	0.773	0.743	0.505	0.871	0.616
0.39	0.864	0.696	0.771	0.743	0.502	0.864	0.621
0.4	0.858	0.698	0.769	0.742	0.499	0.858	0.627
0.41	0.85	0.699	0.767	0.741	0.496	0.85	0.632
0.42	0.843	0.701	0.765	0.741	0.493	0.843	0.638
0.43	0.836	0.702	0.763	0.74	0.49	0.836	0.644
0.44	0.828	0.703	0.76	0.739	0.487	0.828	0.649
0.45	0.82	0.705	0.757	0.738	0.483	0.82	0.655
0.46	0.812	0.706	0.755	0.736	0.48	0.812	0.661
0.47	0.803	0.707	0.752	0.735	0.475	0.803	0.666
0.48	0.795	0.709	0.749	0.733	0.472	0.795	0.672
0.49	0.787	0.71	0.746	0.732	0.468	0.787	0.678
0.5	0.778	0.712	0.743	0.731	0.465	0.778	0.684
0.51	0.768	0.714	0.739	0.73	0.461	0.768	0.69
0.52	0.759	0.716	0.736	0.728	0.458	0.759	0.697
0.53	0.75	0.718	0.732	0.727	0.455	0.75	0.704
0.54	0.74	0.719	0.728	0.725	0.451	0.74	0.71
0.55	0.729	0.72	0.724	0.722	0.446	0.729	0.716
0.56	0.717	0.721	0.718	0.719	0.44	0.717	0.721
0.57	0.706	0.723	0.713	0.717	0.435	0.706	0.728
0.58	0.694	0.724	0.708	0.714	0.43	0.694	0.734
0.59	0.682	0.725	0.702	0.711	0.425	0.682	0.741
0.6	0.67	0.727	0.696	0.709	0.419	0.67	0.747
0.61	0.657	0.728	0.689	0.705	0.413	0.657	0.753
0.62	0.643	0.729	0.682	0.701	0.406	0.643	0.759
0.63	0.628	0.729	0.674	0.697	0.399	0.628	0.766
0.64	0.614	0.73	0.666	0.693	0.392	0.614	0.772
0.65	0.599	0.731	0.657	0.689	0.385	0.599	0.778
0.66	0.585	0.731	0.648	0.685	0.378	0.585	0.784
0.67	0.57	0.732	0.64	0.681	0.371	0.57	0.791
0.68	0.555	0.733	0.63	0.676	0.365	0.555	0.798
0.69	0.539	0.735	0.62	0.672	0.358	0.539	0.805
0.7	0.524	0.736	0.611	0.668	0.352	0.524	0.812
0.71	0.508	0.738	0.6	0.664	0.345	0.508	0.819
0.72	0.493	0.74	0.589	0.66	0.339	0.493	0.827
0.73	0.476	0.742	0.578	0.655	0.333	0.476	0.834
0.74	0.46	0.744	0.566	0.651	0.327	0.46	0.842
0.75	0.442	0.744	0.552	0.645	0.318	0.442	0.848
0.76	0.424	0.746	0.538	0.64	0.311	0.424	0.856
0.77	0.405	0.748	0.523	0.634	0.302	0.405	0.863
0.78	0.387	0.748	0.507	0.628	0.293	0.387	0.87
0.79	0.368	0.75	0.491	0.623	0.285	0.368	0.877
0.8	0.349	0.751	0.473	0.616	0.276	0.349	0.884
0.81	0.331	0.753	0.456	0.611	0.268	0.331	0.891
0.82	0.312	0.757	0.439	0.606	0.261	0.312	0.899
0.83	0.293	0.759	0.419	0.6	0.252	0.293	0.906
0.84	0.274	0.761	0.399	0.594	0.244	0.274	0.913
0.85	0.256	0.763	0.38	0.588	0.235	0.256	0.919
0.86	0.237	0.764	0.358	0.581	0.224	0.237	0.925
0.87	0.22	0.764	0.337	0.575	0.214	0.22	0.931
0.88	0.201	0.764	0.314	0.569	0.203	0.201	0.937
0.89	0.181	0.765	0.29	0.562	0.192	0.181	0.943
0.9	0.163	0.767	0.265	0.556	0.181	0.163	0.949
0.91	0.145	0.767	0.24	0.55	0.169	0.145	0.955
0.92	0.127	0.77	0.214	0.544	0.158	0.127	0.96
0.93	0.109	0.771	0.187	0.537	0.145	0.109	0.966
0.94	0.091	0.773	0.159	0.531	0.132	0.091	0.972
0.95	0.074	0.776	0.132	0.526	0.118	0.074	0.978
0.96	0.057	0.764	0.104	0.52	0.102	0.057	0.983
0.97	0.042	0.726	0.078	0.515	0.083	0.042	0.987
0.98	0.028	0.671	0.053	0.51	0.065	0.028	0.991
0.99	0.015	0.489	0.028	0.505	0.042	0.015	0.996
1.0	0.0	0.0	0.0	0.5	0.0	0.0	1.0
0.793
